1,16
1,16
1,16
1,16
1,16
2,17
2,17
2,17
2,17
2,17
3,15
3,15
3,15
3,15
3,15
3,15
4,19
4,19
4,19
4,19
4,19
5,18
5,18
5,18
5,18
6,19
6,19
6,19
6,19
6,19
7,16
7,16
7,16
7,16
7,16
8,18
8,18
8,18
8,18
8,18
9,18
9,18
9,18
9,18
9,18
10,18
10,18
10,18
10,18
10,18
11,18
11,18
11,18
11,18
11,18
11,18
12,19
12,19
12,19
12,19
12,19
13,17
13,17
13,17
13,17
13,17
14,17
14,17
14,17
14,17
14,17
15,16
15,16
15,16
15,16
16,17
16,17
16,17
16,17
16,17
17,19
17,19
17,19
17,19
17,19
17,19
18,18
18,18
18,18
18,18
18,18
18,18
19,18
19,18
19,18
19,18
19,18
20,17
20,17
20,17
20,17
20,17
21,17
21,17
21,17
21,17
